0,429
0,427
2334,4
2334,3
2334,2
2334,1
2334,0
2332,66
2332,3
2134,1
2134,3
2132,1
2132,3
2280,1
2280,3
2273,1
2273,3
2128,1
2128,3
2127,1
2127,3
2126,1
2126,3
2153,1
2153,3
2123,1
2123,3
2122,1
2122,3
2333,59
2313,1
2313,13
2333,58
2333,57
2333,56
2313,3
2333,55
2121,1
2333,54
2333,53
2121,3
2333,52
2277,1
2277,8
2333,51
2277,3
2284,1
2333,50
2284,3
0,509
2333,49
2118,1
2118,3
2263,1
2333,48
2263,3
2264,1
2333,47
2333,46
2264,3
2188,1
2333,45
2333,44
2333,43
2188,3
2159,1
2159,5
2159,3
2177,1
2177,3
2176,1
2176,3
2333,42
2112,1
2112,3
2111,1
2111,3
2110,1
2110,3
2268,1
2268,10
2268,3
2266,1
2266,3
0,508
2108,1
2108,3
2333,41
2204,1
2204,130
2204,3
0,507
14,5
0,506
2333,40
2333,39
2333,38
2333,37
2333,36
2333,35
10,105
10,12
10,156
10,194
10,313
10,129
10,229
10,75
11,14
8,17
8,14
8,6
8,10
20,3
20,2
20,1
19,3
19,2
19,1
14,14
14,7
13,6
12,3
12,2
12,1
11,30
11,29
11,28
11,27
11,24
11,22
11,21
11,20
11,18
11,17
11,15
11,12
11,11
18,1
11,10
18,3
11,7
11,6
11,5
11,3
14,1
11,2
14,4
11,1
14,3
13,1
10,308
13,3
10,303
10,295
10,269
10,235
10,182
10,155
10,138
10,97
10,1
10,33
10,3
10,2
9,7
9,1
9,5
9,3
9,2
8,11
8,9
8,7
8,1
8,5
8,3
8,2
2,2
3,3
2,1
3,2
2,3
3,1
0,0
2333,34
2333,33
2333,32
2333,31
2333,30
2333,29
2333,28
2333,27
2333,26
2333,25
2333,24
2333,23
2333,22
